world: 6f9b869c-989c-4b94-b4c5-95f2584c07cd
world-name: world
x: 128.5
y: 87.0
z: -335.5
yaw: -26.549999237060547
pitch: 52.05000305175781
name: smp
lastowner: 944b1b71-76b5-3162-84a3-3faa03a2472d
